DPCh_plate1_A01_S1.rmdup.bam	3399233	4668024	0.728195
DPCh_plate1_A02_S2.rmdup.bam	7861812	4668024	1.68418
DPCh_plate1_A03_S3.rmdup.bam	821625	4668024	0.176011
DPCh_plate1_A04_S4.rmdup.bam	1212059	4668024	0.259651
DPCh_plate1_A05_S5.rmdup.bam	5628241	4668024	1.2057
DPCh_plate1_A06_S6.rmdup.bam	3030728	4668024	0.649253
DPCh_plate1_A07_S7.rmdup.bam	6903582	4668024	1.47891
DPCh_plate1_A08_S8.rmdup.bam	7287582	4668024	1.56117
DPCh_plate1_A09_S9.rmdup.bam	5682861	4668024	1.2174
DPCh_plate1_A10_S10.rmdup.bam	7934317	4668024	1.69972
DPCh_plate1_A11_S11.rmdup.bam	5566345	4668024	1.19244
DPCh_plate1_A12_S12.rmdup.bam	6591906	4668024	1.41214
DPCh_plate1_B01_S13.rmdup.bam	115345	4668024	0.0247096
DPCh_plate1_B02_S14.rmdup.bam	7506340	4668024	1.60803
DPCh_plate1_B03_S15.rmdup.bam	60931	4668024	0.0130528
DPCh_plate1_B04_S16.rmdup.bam	358958	4668024	0.0768972
DPCh_plate1_B05_S17.rmdup.bam	7281720	4668024	1.55991
DPCh_plate1_B06_S18.rmdup.bam	6226474	4668024	1.33386
DPCh_plate1_B07_S19.rmdup.bam	7807972	4668024	1.67265
DPCh_plate1_B08_S20.rmdup.bam	7043024	4668024	1.50878
DPCh_plate1_B09_S21.rmdup.bam	11263360	4668024	2.41288
DPCh_plate1_B10_S22.rmdup.bam	8514237	4668024	1.82395
DPCh_plate1_B11_S23.rmdup.bam	8402625	4668024	1.80004
DPCh_plate1_B12_S24.rmdup.bam	8652924	4668024	1.85366
DPCh_plate1_C01_S25.rmdup.bam	125415	4668024	0.0268668
DPCh_plate1_C02_S26.rmdup.bam	9068360	4668024	1.94265
DPCh_plate1_C03_S27.rmdup.bam	7576666	4668024	1.6231
DPCh_plate1_C04_S28.rmdup.bam	71744	4668024	0.0153692
DPCh_plate1_C05_S29.rmdup.bam	9101145	4668024	1.94968
DPCh_plate1_C06_S30.rmdup.bam	6656091	4668024	1.42589
DPCh_plate1_C07_S31.rmdup.bam	2576073	4668024	0.551855
DPCh_plate1_C08_S32.rmdup.bam	7092975	4668024	1.51948
DPCh_plate1_C09_S33.rmdup.bam	8799040	4668024	1.88496
DPCh_plate1_C10_S34.rmdup.bam	11231143	4668024	2.40597
DPCh_plate1_C11_S35.rmdup.bam	7393995	4668024	1.58397
DPCh_plate1_C12_S36.rmdup.bam	8077919	4668024	1.73048
DPCh_plate1_D01_S37.rmdup.bam	5123966	4668024	1.09767
DPCh_plate1_D02_S38.rmdup.bam	7875853	4668024	1.68719
DPCh_plate1_D03_S39.rmdup.bam	3238003	4668024	0.693656
DPCh_plate1_D04_S40.rmdup.bam	2621257	4668024	0.561535
DPCh_plate1_D05_S41.rmdup.bam	7131933	4668024	1.52783
DPCh_plate1_D06_S42.rmdup.bam	5808847	4668024	1.24439
DPCh_plate1_D07_S43.rmdup.bam	6639480	4668024	1.42233
DPCh_plate1_D08_S44.rmdup.bam	8154204	4668024	1.74682
DPCh_plate1_D09_S45.rmdup.bam	9468217	4668024	2.02831
DPCh_plate1_D10_S46.rmdup.bam	6691987	4668024	1.43358
DPCh_plate1_D11_S47.rmdup.bam	9372911	4668024	2.0079
DPCh_plate1_D12_S48.rmdup.bam	8364159	4668024	1.7918
DPCh_plate1_E01_S49.rmdup.bam	5107846	4668024	1.09422
DPCh_plate1_E02_S50.rmdup.bam	8442515	4668024	1.80858
DPCh_plate1_E03_S51.rmdup.bam	252965	4668024	0.054191
DPCh_plate1_E04_S52.rmdup.bam	273457	4668024	0.0585809
DPCh_plate1_E05_S53.rmdup.bam	4506116	4668024	0.965316
DPCh_plate1_E06_S54.rmdup.bam	3252279	4668024	0.696714
DPCh_plate1_E07_S55.rmdup.bam	7631754	4668024	1.6349
DPCh_plate1_E08_S56.rmdup.bam	2448835	4668024	0.524598
DPCh_plate1_E09_S57.rmdup.bam	9477946	4668024	2.0304
DPCh_plate1_E10_S58.rmdup.bam	8267346	4668024	1.77106
DPCh_plate1_E11_S59.rmdup.bam	9780110	4668024	2.09513
DPCh_plate1_E12_S60.rmdup.bam	10541166	4668024	2.25816
DPCh_plate1_F01_S61.rmdup.bam	154742	4668024	0.0331494
DPCh_plate1_F02_S62.rmdup.bam	6058330	4668024	1.29784
DPCh_plate1_F03_S63.rmdup.bam	1028069	4668024	0.220236
DPCh_plate1_F04_S64.rmdup.bam	995830	4668024	0.21333
DPCh_plate1_F05_S65.rmdup.bam	6610485	4668024	1.41612
DPCh_plate1_F06_S66.rmdup.bam	6445549	4668024	1.38079
DPCh_plate1_F07_S67.rmdup.bam	7239213	4668024	1.55081
DPCh_plate1_F08_S68.rmdup.bam	6474385	4668024	1.38696
DPCh_plate1_F09_S69.rmdup.bam	8069974	4668024	1.72878
DPCh_plate1_F10_S70.rmdup.bam	8584739	4668024	1.83905
DPCh_plate1_F11_S71.rmdup.bam	9924143	4668024	2.12598
DPCh_plate1_F12_S72.rmdup.bam	11044145	4668024	2.36591
DPCh_plate1_G01_S73.rmdup.bam	5675173	4668024	1.21575
DPCh_plate1_G02_S74.rmdup.bam	8631870	4668024	1.84915
DPCh_plate1_G03_S75.rmdup.bam	6337266	4668024	1.35759
DPCh_plate1_G04_S76.rmdup.bam	401143	4668024	0.0859342
DPCh_plate1_G05_S77.rmdup.bam	11374977	4668024	2.43679
DPCh_plate1_G06_S78.rmdup.bam	6217887	4668024	1.33202
DPCh_plate1_G07_S79.rmdup.bam	6491526	4668024	1.39064
DPCh_plate1_G08_S80.rmdup.bam	7214249	4668024	1.54546
DPCh_plate1_G09_S81.rmdup.bam	16591849	4668024	3.55436
DPCh_plate1_G10_S82.rmdup.bam	19941886	4668024	4.27202
DPCh_plate1_G11_S83.rmdup.bam	9621427	4668024	2.06113
DPCh_plate1_G12_S84.rmdup.bam	14242416	4668024	3.05106
DPCh_plate1_H01_S85.rmdup.bam	5160498	4668024	1.1055
DPCh_plate1_H02_S86.rmdup.bam	5607660	4668024	1.20129
DPCh_plate1_H03_S87.rmdup.bam	567967	4668024	0.121672
DPCh_plate1_H04_S88.rmdup.bam	2523668	4668024	0.540629
DPCh_plate1_H05_S89.rmdup.bam	8000514	4668024	1.7139
DPCh_plate1_H06_S90.rmdup.bam	8147511	4668024	1.74539
DPCh_plate1_H07_S91.rmdup.bam	7133394	4668024	1.52814
DPCh_plate1_H08_S92.rmdup.bam	6903762	4668024	1.47895
DPCh_plate1_H09_S93.rmdup.bam	7709848	4668024	1.65163
DPCh_plate1_H10_S94.rmdup.bam	8883308	4668024	1.90301
DPCh_plate1_H11_S95.rmdup.bam	7147568	4668024	1.53118
DPCh_plate1_H12_S96.rmdup.bam	11154188	4668024	2.38949
DPCh_plate2_A01_S97.rmdup.bam	7393229	4668024	1.5838
DPCh_plate2_A02_S98.rmdup.bam	6020654	4668024	1.28977
DPCh_plate2_A03_S99.rmdup.bam	8526677	4668024	1.82661
DPCh_plate2_A04_S100.rmdup.bam	5988390	4668024	1.28285
DPCh_plate2_A05_S101.rmdup.bam	4879864	4668024	1.04538
DPCh_plate2_A06_S102.rmdup.bam	7074653	4668024	1.51556
DPCh_plate2_A07_S103.rmdup.bam	8246619	4668024	1.76662
DPCh_plate2_A08_S104.rmdup.bam	2953202	4668024	0.632645
DPCh_plate2_B01_S105.rmdup.bam	8509207	4668024	1.82287
DPCh_plate2_B02_S106.rmdup.bam	10495593	4668024	2.2484
DPCh_plate2_B03_S107.rmdup.bam	6459145	4668024	1.3837
DPCh_plate2_B04_S108.rmdup.bam	3364743	4668024	0.720807
DPCh_plate2_B05_S109.rmdup.bam	9038508	4668024	1.93626
DPCh_plate2_B06_S110.rmdup.bam	9118754	4668024	1.95345
DPCh_plate2_B07_S111.rmdup.bam	6625095	4668024	1.41925
DPCh_plate2_B08_S112.rmdup.bam	5036950	4668024	1.07903
DPCh_plate2_C01_S113.rmdup.bam	6573683	4668024	1.40824
DPCh_plate2_C02_S114.rmdup.bam	6673168	4668024	1.42955
DPCh_plate2_C03_S115.rmdup.bam	7609266	4668024	1.63008
DPCh_plate2_C04_S116.rmdup.bam	6353517	4668024	1.36107
DPCh_plate2_C05_S117.rmdup.bam	5793928	4668024	1.24119
DPCh_plate2_C06_S118.rmdup.bam	9592400	4668024	2.05492
DPCh_plate2_C07_S119.rmdup.bam	5168184	4668024	1.10715
DPCh_plate2_C08_S120.rmdup.bam	2449909	4668024	0.524828
DPCh_plate2_D01_S121.rmdup.bam	7669671	4668024	1.64302
DPCh_plate2_D02_S122.rmdup.bam	7384732	4668024	1.58198
DPCh_plate2_D03_S123.rmdup.bam	7540059	4668024	1.61526
DPCh_plate2_D04_S124.rmdup.bam	6187837	4668024	1.32558
DPCh_plate2_D05_S125.rmdup.bam	9086063	4668024	1.94645
DPCh_plate2_D06_S126.rmdup.bam	10420175	4668024	2.23225
DPCh_plate2_D07_S127.rmdup.bam	9662457	4668024	2.06992
DPCh_plate2_D08_S128.rmdup.bam	14677883	4668024	3.14435
DPCh_plate2_E01_S129.rmdup.bam	7803036	4668024	1.67159
DPCh_plate2_E02_S130.rmdup.bam	7510472	4668024	1.60892
DPCh_plate2_E03_S131.rmdup.bam	7200489	4668024	1.54251
DPCh_plate2_E04_S132.rmdup.bam	7940843	4668024	1.70111
DPCh_plate2_E05_S133.rmdup.bam	7724628	4668024	1.6548
DPCh_plate2_E06_S134.rmdup.bam	10811265	4668024	2.31603
DPCh_plate2_E07_S135.rmdup.bam	8114976	4668024	1.73842
DPCh_plate2_E08_S136.rmdup.bam	4730055	4668024	1.01329
DPCh_plate2_F01_S137.rmdup.bam	9125970	4668024	1.955
DPCh_plate2_F02_S138.rmdup.bam	8305868	4668024	1.77931
DPCh_plate2_F03_S139.rmdup.bam	8138994	4668024	1.74356
DPCh_plate2_F04_S140.rmdup.bam	6728687	4668024	1.44144
DPCh_plate2_F05_S141.rmdup.bam	8112046	4668024	1.73779
DPCh_plate2_F06_S142.rmdup.bam	11836971	4668024	2.53576
DPCh_plate2_F07_S143.rmdup.bam	8113753	4668024	1.73816
DPCh_plate2_F08_S144.rmdup.bam	5254821	4668024	1.12571
DPCh_plate2_G01_S145.rmdup.bam	9642436	4668024	2.06564
DPCh_plate2_G02_S146.rmdup.bam	10527113	4668024	2.25515
DPCh_plate2_G03_S147.rmdup.bam	10246343	4668024	2.19501
DPCh_plate2_G04_S148.rmdup.bam	8586570	4668024	1.83944
DPCh_plate2_G05_S149.rmdup.bam	8273792	4668024	1.77244
DPCh_plate2_G06_S150.rmdup.bam	4376882	4668024	0.937631
DPCh_plate2_G07_S151.rmdup.bam	10451855	4668024	2.23903
DPCh_plate2_G08_S152.rmdup.bam	4488838	4668024	0.961614
DPCh_plate2_H01_S153.rmdup.bam	7040844	4668024	1.50831
DPCh_plate2_H02_S154.rmdup.bam	11712327	4668024	2.50905
DPCh_plate2_H03_S155.rmdup.bam	8916627	4668024	1.91015
DPCh_plate2_H04_S156.rmdup.bam	8787955	4668024	1.88259
DPCh_plate2_H05_S157.rmdup.bam	10945115	4668024	2.3447
DPCh_plate2_H06_S158.rmdup.bam	13056087	4668024	2.79692
DPCh_plate2_H07_S159.rmdup.bam	8597010	4668024	1.84168
DPCh_plate2_H08_S160.rmdup.bam	5902866	4668024	1.26453
